parameters: {'C': 1}
PER: 0.8252788104089219
ORG: 0.6926866237211065
LOC: 0.7986520640269588
MISC: 0.728468899521531
TOTAL: 0.7719701535200164

